1577808000.0 [0. 0.] [2.79732068e+02 2.40446612e-03] [345.62343426  -4.97437691] [12.6199262 25.55     ]
1577808150.0 [17.79129146  6.02649398] [2.79735460e+02 2.12400948e-03] [345.38252636  -5.06910128] [19.26199262 25.55      ]
1577808400.0 [48.86700882 14.58684367] [2.79741942e+02 1.67801884e-03] [345.05776618  -5.20219805] [55.43726236 28.85      ]
1577811327.1640286 [292.41208422 -17.71426797] [2.79810965e+02 5.52465680e-03] [349.78814287  -3.92781816] [319.59183673 -35.45      ]
1577812314.7121055 [358.32980131  -0.57697461] [2.79823444e+02 2.53435434e-03] [346.02745527  -5.31994221] [ 8.69888476 26.65      ]
1577812727.5614507 [25.22279988  8.37586586] [2.79832457e+02 3.12503391e-04] [343.72696891  -6.11742421] [14.05204461 26.65      ]
1577812977.5614507 [40.98902977 12.76908903] [ 2.79839335e+02 -9.30747756e-04] [342.65372796  -6.4835338 ] [28.56088561 25.55      ]
1577813227.5614507 [58.52780629 16.41950959] [ 2.79847922e+02 -2.06815755e-03] [341.9017636   -6.73827259] [44.50184502 25.55      ]
1577813477.5614507 [75.18089595 18.47039366] [ 2.79857165e+02 -2.84151341e-03] [341.63498563  -6.83209606] [62.23048327 26.65      ]
1577813727.5614507 [93.42210081 19.02916811] [ 2.79867901e+02 -3.23490816e-03] [341.87654463  -6.75934897] [80.07604563 28.85      ]
1577813977.5614507 [110.20333814  17.96553625] [ 2.79878591e+02 -3.15852477e-03] [342.54108785  -6.54950149] [98.36431227 26.65      ]
1577816753.2610233 [293.47061105 -17.58481568] [2.79935209e+02 1.03379573e-02] [356.44684514  -2.27440093] [321.99203187 -33.25      ]
1577817710.1242256 [355.46624718  -1.56444864] [2.79935511e+02 3.19409671e-03] [346.96513884  -5.74385667] [ 8.63468635 25.55      ]
1577818111.977873 [20.3053298  6.8371818] [ 2.79943548e+02 -1.20875409e-03] [341.78631165  -7.45095943] [10.15037594 27.75      ]
1577818361.977873 [36.81781337 11.69816196] [ 2.79952042e+02 -3.89567635e-03] [339.30838458  -8.21442249] [23.68421053 27.75      ]
1577818611.977873 [52.52743981 15.3344166 ] [ 2.79962363e+02 -6.00702849e-03] [337.92313773  -8.61263138] [39.18819188 25.55      ]
1577818861.977873 [70.05051172 17.99277549] [ 2.79975525e+02 -7.64879034e-03] [337.48945736  -8.7016053 ] [56.07692308 29.95      ]
1577819111.977873 [86.56206501 19.02887571] [ 2.79989438e+02 -8.44873768e-03] [337.96473825  -8.51345984] [74.07692308 29.95      ]
1577819361.977873 [104.49356064  18.49599252] [ 2.80005287e+02 -8.39186713e-03] [339.31408156  -8.05161242] [90.33457249 26.65      ]
1577822239.3570223 [291.38006159 -17.83485055] [2.80062497e+02 1.54561734e-02] [ 4.06408106 -0.30008594] [318.12244898 -35.45      ]
1577823246.5921583 [356.93874542  -1.05708093] [2.80049961e+02 3.23802801e-03] [347.26066836  -6.61314663] [359.32330827  27.75      ]
1577823650.0039613 [21.6840625   7.27520358] [ 2.80058370e+02 -3.53187409e-03] [338.48803519  -9.35320269] [ 9.96309963 25.55      ]
1577823900.0039613 [38.16741282 12.05246562] [ 2.80068842e+02 -7.53222329e-03] [334.89589184 -10.31815837] [25.32319392 28.85      ]
1577824150.0039613 [53.85241116 15.58920989] [ 2.80082054e+02 -1.05800532e-02] [333.3088305  -10.65589355] [40.81784387 26.65      ]
1577824400.0039613 [71.34788265 18.12669547] [ 2.80099247e+02 -1.28562826e-02] [333.28045193 -10.52503671] [57.51879699 27.75      ]
1577824650.0039613 [87.8130123  19.04782635] [ 2.80117421e+02 -1.38453920e-02] [334.46712502 -10.0616753 ] [75.46153846 29.95      ]
1577824900.0039613 [105.67819913  18.40013242] [ 2.80138099e+02 -1.35477177e-02] [336.76548172  -9.26711138] [92.39543726 28.85      ]
1577827785.4570246 [293.42765215 -17.59018279] [2.80188580e+02 2.02905212e-02] [11.90397739  1.67385437] [322.44094488 -32.15      ]
1577828728.7075436 [353.77370214  -2.14603258] [2.80164302e+02 4.71522580e-03] [350.13127285  -6.95050137] [357.99256506  26.65      ]
1577829114.0043485 [17.19695672  5.83273255] [ 2.80170419e+02 -4.02139086e-03] [336.59258126 -11.07195193] [ 5.97785978 25.55      ]
1577829364.0043485 [33.53532546 10.80657492] [ 2.80181164e+02 -9.57819666e-03] [330.98741509 -12.38986998] [20.5904059 25.55     ]
1577829614.0043485 [49.05567371 14.62692106] [ 2.80195858e+02 -1.39148856e-02] [328.71101129 -12.72512343] [35.46468401 26.65      ]
1577829864.0043485 [66.39160878 17.56753668] [ 2.80215873e+02 -1.73201417e-02] [328.73360012 -12.43354723] [52.69961977 28.85      ]
1577830114.0043485 [82.76953028 18.91995533] [ 2.80237569e+02 -1.90233965e-02] [330.35738562 -11.76541266] [69.69924812 27.75      ]
1577830364.0043485 [100.63864419  18.75616342] [ 2.80262774e+02 -1.90834196e-02] [333.32729946 -10.72597105] [86.3197026 26.65     ]
1577830614.0043485 [116.95772315  17.11727326] [ 2.80286674e+02 -1.74861383e-02] [336.80811485  -9.55589424] [105.60885609  25.55      ]
1577833331.555025 [293.66971503 -17.55981457] [2.80315623e+02 2.52658096e-02] [20.10645941  3.72880758] [324.53531599 -26.65      ]
1577834237.7307699 [351.48996347  -2.92698242] [2.80279459e+02 6.39770988e-03] [354.65145436  -7.24773212] [355.31598513  26.65      ]
1577834603.390981 [14.87976276  5.07028216] [ 2.80283454e+02 -4.63681599e-03] [333.88612539 -13.38019499] [ 4.68401487 26.65      ]
1577834853.390981 [29.88548189  9.76818544] [ 2.80293666e+02 -1.12223813e-02] [326.53031676 -14.76822683] [18.47908745 28.85      ]
1577835103.390981 [46.58845106 14.0897958 ] [ 2.80310861e+02 -1.73172123e-02] [323.58795739 -14.8991505 ] [32.78810409 26.65      ]
1577835353.390981 [62.49476319 17.03817592] [ 2.80332034e+02 -2.15423202e-02] [323.94472705 -14.3552779 ] [49.96197719 28.85      ]
1577835603.390981 [80.1636843  18.80032659] [ 2.80359039e+02 -2.41677469e-02] [326.41860956 -13.33613561] [66.27906977 31.05      ]
1577835853.390981 [96.65299765 18.94153166] [ 2.80386655e+02 -2.45998332e-02] [329.8799199  -12.13142035] [84.18250951 28.85      ]
1577836103.390981 [114.37939697  17.46902709] [ 2.80417132e+02 -2.27945561e-02] [334.44960057 -10.6046841 ] [101.04089219  26.65      ]
1577838877.6530256 [293.70303028 -17.55561099] [2.80442915e+02 3.02686823e-02] [28.22020559  5.68315656] [323.72623574 -28.85      ]
1577839775.8290625 [351.4988801   -2.92394349] [2.80394581e+02 7.23568377e-03] [359.26715215  -8.42183985] [354.02214022  25.55      ]
1577840143.5221527 [14.88083959  5.07063922] [ 2.80397738e+02 -6.10238122e-03] [328.67161377 -16.75880624] [ 3.32103321 25.55      ]
1577840393.5221527 [29.88118119  9.76693442] [ 2.80408964e+02 -1.40281006e-02] [320.10851429 -17.58875838] [19.84790875 28.85      ]
1577840643.5221527 [46.57857606 14.08758961] [ 2.80428526e+02 -2.13381931e-02] [317.90352516 -17.04874925] [33.15789474 27.75      ]
1577840893.5221527 [62.47914814 17.03589769] [ 2.80452881e+02 -2.63793209e-02] [319.35465119 -16.04533728] [50.31496063 32.15      ]
1577841143.5221527 [80.14233111 18.79919624] [ 2.80484135e+02 -2.94874830e-02] [322.97786506 -14.65171829] [66.3878327 28.85     ]
1577841393.5221527 [96.62630835 18.94248565] [ 2.80516109e+02 -2.99604318e-02] [327.37842984 -13.16382364] [83.64312268 26.65      ]
1577841643.5221527 [114.34807126  17.47308948] [ 2.80551401e+02 -2.77577261e-02] [332.83549353 -11.36628434] [101.62361624  25.55      ]
1577845285.7370317 [350.1813842   -3.37198346] [2.80510143e+02 8.94481319e-03] [ 9.84316341 -9.05839101] [358.00738007  25.55      ]
1577845735.226352 [17.26889185  5.85622536] [ 2.80513541e+02 -9.11930634e-03] [318.95059131 -21.18573906] [ 7.30627306 25.55      ]
1577845985.226352 [33.59032018 10.82185129] [ 2.80528374e+02 -1.89142598e-02] [311.87220598 -20.24061829] [20.74349442 26.65      ]
1577846235.226352 [49.09351858 14.63494   ] [ 2.80550272e+02 -2.64532459e-02] [312.23217445 -18.85481629] [35.86466165 27.75      ]
1577846485.226352 [66.41172747 17.57006599] [ 2.80581178e+02 -3.22826305e-02] [315.81315508 -17.20639544] [52.86245353 26.65      ]
1577846735.226352 [82.77132668 18.92002553] [ 2.80614986e+02 -3.50856583e-02] [320.52503158 -15.5673204 ] [69.74169742 25.55      ]
1577846985.226352 [100.62233511  18.75709561] [ 2.80654495e+02 -3.50108151e-02] [326.44871511 -13.64171144] [87.01107011 25.55      ]
1577847235.226352 [116.92441643  17.1220354 ] [ 2.80691661e+02 -3.20750804e-02] [332.32613952 -11.73346613] [105.05576208  26.65      ]
1577849969.8460293 [294.82350463 -17.41088562] [2.80695719e+02 3.99920144e-02] [43.36655679  8.92168324] [324.69230769 -29.95      ]
1577850927.2500277 [356.18841641  -1.31574999] [2.80623354e+02 5.33082951e-03] [  3.94060371 -20.95944517] [355.35055351  25.55      ]
1577851298.0995567 [18.36248826  6.21197566] [ 2.80628716e+02 -1.16151155e-02] [307.32893741 -25.76690514] [ 8.79699248 27.75      ]
1577851548.0995567 [34.7104417  11.13051699] [ 2.80645602e+02 -2.27192296e-02] [303.83302592 -22.62126808] [21.91881919 25.55      ]
1577851798.0995567 [50.24582037 14.87589162] [ 2.80670471e+02 -3.11750634e-02] [306.7076452  -20.46119056] [36.53136531 25.55      ]
1577852048.0995567 [67.59615455 17.7152526 ] [ 2.80705498e+02 -3.76021469e-02] [312.13537279 -18.36806081] [53.72093023 31.05      ]
1577852298.0995567 [83.97152525 18.96284905] [ 2.80743644e+02 -4.05495859e-02] [318.06018836 -16.44605657] [71.30769231 29.95      ]
1577852548.0995567 [101.8173186   18.68503651] [ 2.80788053e+02 -4.01778660e-02] [324.97457815 -14.27025057] [87.65799257 26.65      ]
1577852798.0995567 [118.09495086  16.95126614] [ 2.80829574e+02 -3.65712069e-02] [331.57835128 -12.15513297] [106.39405204  26.65      ]
1577855515.9430242 [294.63064988 -17.43625899] [2.80823396e+02 4.50298174e-02] [49.79172654 10.13640339] [323.02325581 -31.05      ]
1577856129.5478952 [334.95645131  -8.32097814] [2.80754856e+02 2.32274374e-02] [63.23326963  5.63636718] [330.11070111 -25.55      ]
1577856888.608027 [21.91165465  7.34703474] [ 2.80746053e+02 -1.62943218e-02] [292.85652669 -28.56834018] [19.40520446 26.65      ]
1577857281.7039948 [47.42551407 14.27517394] [ 2.80783045e+02 -3.38826380e-02] [299.94520282 -22.38691329] [33.53612167 28.85      ]
1577857531.7039948 [63.34375866 17.16017125] [ 2.80817299e+02 -4.12098793e-02] [306.49918986 -20.06841129] [50.7518797 27.75     ]
1577857781.7039948 [81.01714593 18.84351884] [ 2.80861564e+02 -4.55621592e-02] [314.11692843 -17.72761911] [66.9924812 27.75     ]
1577858031.7039948 [97.49551427 18.90945281] [ 2.80906722e+02 -4.59583406e-02] [321.31724142 -15.54459354] [84.98141264 26.65      ]
1577858281.7039948 [115.19591645  17.36134311] [ 2.80956429e+02 -4.23530527e-02] [329.18928026 -13.08273679] [102.18045113  27.75      ]
1577861062.039023 [295.75466026 -17.2856694 ] [2.80948064e+02 4.96179970e-02] [56.07691069 11.13117465] [325.87360595 -26.65      ]
1577861657.2672863 [333.49063902  -8.76696056] [2.80874708e+02 2.68605717e-02] [77.16003064  7.61798873] [329.88847584 -26.65      ]
1577861907.2672863 [349.64922952  -3.55234826] [2.80856751e+02 1.23708112e-02] [89.7442707  -8.42423354] [351.36531365 -25.55      ]
1577862775.9100306 [43.2972234  13.33022909] [ 2.80892563e+02 -3.53088455e-02] [291.65864492 -24.46005906] [39.92481203 27.75      ]
1577863169.8395228 [69.86562785 17.97296977] [ 2.80955424e+02 -4.83791330e-02] [305.83772643 -20.15022236] [56.65338645 33.25      ]
1577863419.8395228 [86.26903927 19.02321818] [ 2.81002363e+02 -5.14657286e-02] [314.02051526 -17.81596155] [74.40944882 32.15      ]
1577863669.8395228 [104.10184778  18.52604769] [ 2.81056575e+02 -5.03402444e-02] [322.70709433 -15.24160948] [91.02661597 28.85      ]
1577863919.8395228 [120.33111774  16.60562624] [ 2.81106702e+02 -4.52573590e-02] [330.57746381 -12.78032705] [109.07063197  26.65      ]
1577866608.1370237 [295.5097562 -17.3190364] [2.81075873e+02 5.46641549e-02] [61.03869566 11.87843562] [325.4887218 -27.75     ]
1577867221.5909119 [335.76928095  -8.07089126] [2.80988963e+02 2.72683199e-02] [90.96414979  7.51887622] [331.2267658 -26.65     ]
1577867471.5909119 [350.6544775   -3.21133567] [2.80971489e+02 1.23433838e-02] [115.52030692  -6.86242761] [  3.32103321 -25.55      ]
1577867791.5909119 [10.31812323  3.54129352] [ 2.80967119e+02 -8.66113761e-03] [236.61304974 -39.7487919 ] [ 4.64944649 25.55      ]
1577868480.6840262 [54.8527341  15.77591818] [ 2.81036328e+02 -4.66615328e-02] [293.3100435  -23.36800787] [45.8302583 25.55     ]
1577868800.6840262 [76.41905982 18.5647496 ] [ 2.81097461e+02 -5.53166017e-02] [306.34728197 -19.98727456] [61.57894737 27.75      ]
1577869050.6840262 [92.88085817 19.0383552 ] [ 2.81150347e+02 -5.69633410e-02] [315.36177769 -17.50958307] [81.   29.95]
1577869300.6840262 [110.65017947  17.9167661 ] [ 2.81209754e+02 -5.38144907e-02] [324.70111241 -14.75080148] [97.0260223 26.65     ]
1577872154.2320268 [295.24858806 -17.35427824] [2.81203934e+02 5.97375829e-02] [65.29453817 12.45213492] [324.41860465 -31.05      ]
1577872741.5610597 [334.27110793  -8.53031347] [2.81109231e+02 3.11305966e-02] [98.4348112   8.49568425] [330.90225564 -27.75      ]
1577872991.5610597 [349.18161032  -3.71052998] [2.81088326e+02 1.49594728e-02] [124.3582282   -2.12236127] [352.69372694 -25.55      ]
1577873241.5610597 [5.15579873 1.77842227] [ 2.81080330e+02 -3.67864133e-03] [191.44952509 -29.75403177] [ 0.66420664 25.55      ]
1577873580.6370144 [26.2283269   8.68196451] [ 2.81095157e+02 -2.71835319e-02] [258.5431029  -30.02161023] [13.94833948 25.55      ]
1577874184.110031 [65.28742975 17.42550447] [ 2.81185715e+02 -5.66993660e-02] [296.42003401 -22.42165922] [57.4015748 32.15     ]
1577874504.110031 [87.11281142 19.03825697] [ 2.81257995e+02 -6.22515378e-02] [310.21630282 -18.9951271 ] [72.40601504 27.75      ]
1577874754.110031 [103.57405792  18.56525094] [ 2.81317128e+02 -6.09334110e-02] [319.6610525  -16.36385687] [90.99630996 25.55      ]
1577875004.110031 [121.14911592  16.47287011] [ 2.81380635e+02 -5.42292733e-02] [329.37443236 -13.40985009] [108.26568266  25.55      ]
1577877700.3320289 [296.32132691 -17.20727858] [2.81327891e+02 6.41976008e-02] [69.87758251 12.92021874] [326.12546125 -25.55      ]
1577878308.7956676 [335.26955471  -8.22487456] [2.81225308e+02 3.24944393e-02] [106.67786597   8.27138503] [331.43911439 -25.55      ]
1577878558.7956676 [350.16217895  -3.37849915] [2.81202965e+02 1.48148863e-02] [134.14937891  -1.86778783] [  1.99261993 -25.55      ]
1577878878.7956676 [9.82441281 3.37395003] [ 2.81195588e+02 -1.00946661e-02] [203.372376   -26.62382903] [ 6.02230483 26.65      ]
1577879219.7797027 [31.01438827 10.09443048] [ 2.81217851e+02 -3.48853071e-02] [257.28680877 -28.58327035] [20.07692308 29.95      ]
1577879469.7797027 [47.73911947 14.34379773] [ 2.81254650e+02 -5.04270957e-02] [277.99938213 -25.86830044] [33.92307692 29.95      ]
1577879785.865022 [69.06483132 17.88511333] [ 2.81319560e+02 -6.33131626e-02] [296.01493962 -22.43766578] [55.11627907 31.05      ]
1577880035.865022 [85.45625871 19.00510854] [ 2.81378453e+02 -6.74940389e-02] [307.22930168 -19.81486791] [72.69230769 29.95      ]
1577880285.865022 [103.29172177  18.58561299] [ 2.81446890e+02 -6.62342541e-02] [318.23468258 -16.86498727] [88.99628253 26.65      ]
1577880535.865022 [119.53606141  16.73142309] [ 2.81510308e+02 -5.98196888e-02] [327.72144815 -14.0343551 ] [108.94736842  27.75      ]
1577883246.4300294 [296.03859339 -17.24659789] [2.81456082e+02 6.92802352e-02] [73.05558155 13.25515806] [325.09505703 -28.85      ]
1577883861.5068476 [336.25759101  -7.919727  ] [2.81340994e+02 3.36767976e-02] [113.39478855   7.91839183] [332.56505576 -26.65      ]
1577884111.5068476 [351.13344505  -3.04841987] [2.81317344e+02 1.44825483e-02] [140.92518033  -1.79594111] [  4.64944649 -25.55      ]
1577884431.5068476 [10.79589786  3.70292889] [ 2.81310156e+02 -1.23813433e-02] [200.09243738 -22.96140661] [10.03717472 26.65      ]
1577884772.8150465 [32.01327391 10.37936018] [ 2.81334978e+02 -3.89067018e-02] [251.90039319 -27.92289638] [20.97744361 27.75      ]
1577885022.8150465 [48.7703892  14.56625483] [ 2.81375137e+02 -5.53817192e-02] [274.48541335 -26.02690907] [33.87453875 25.55      ]
1577885272.8150465 [64.7237648  17.35056428] [ 2.81426166e+02 -6.62825159e-02] [289.67890577 -23.63894611] [52.3255814 31.05     ]
1577885522.8150465 [82.41965121 18.90601127] [ 2.81492289e+02 -7.24238359e-02] [303.2384123  -20.81299454] [68.53846154 29.95      ]
1577885772.8150465 [98.89493897 18.84774605] [ 2.81559453e+02 -7.24263444e-02] [314.25373767 -18.04628245] [86.92015209 28.85      ]
1577886022.8150465 [116.56683454  17.17280326] [ 2.81633092e+02 -6.62157717e-02] [325.212356   -14.90102008] [103.71747212  26.65      ]
1577888792.5280302 [295.74812775 -17.28656349] [2.81584525e+02 7.43899841e-02] [75.78338542 13.51455602] [323.42629482 -33.25      ]
1577889398.7534184 [334.73403737  -8.38906851] [2.8146231e+02 3.7945573e-02] [115.34280662   8.49411824] [333.60902256 -27.75      ]
1577889648.7534184 [350.86677794  -3.13915717] [2.81433103e+02 1.57497408e-02] [143.26418526  -0.80145551] [354.02214022 -25.55      ]
1577889898.7534184 [5.6071095  1.93350557] [ 2.81423643e+02 -5.89247851e-03] [180.67991472 -15.15202223] [ 3.34572491 26.65      ]
1577890241.5205002 [27.94659034  9.19774064] [ 2.81442665e+02 -3.68678172e-02] [238.24825605 -26.92761432] [15.39033457 26.65      ]
1577890491.5205002 [43.27403754 13.32470764] [ 2.81477176e+02 -5.43198391e-02] [263.37834664 -26.75677422] [30.11152416 26.65      ]
1577890741.5205002 [60.40312191 16.72191334] [ 2.81531305e+02 -6.85537989e-02] [282.76088091 -24.68470099] [46.69172932 27.75      ]
1577890991.5205002 [76.64559418 18.58112895] [ 2.81593678e+02 -7.63652977e-02] [296.88815654 -22.20626846] [63.099631 25.55    ]
1577891241.5205002 [94.48010994 19.00665446] [ 2.81669407e+02 -7.83170692e-02] [309.98796343 -19.22161564] [80.96654275 26.65      ]
1577891491.5205002 [110.87170609  17.89219872] [ 2.81742284e+02 -7.39738118e-02] [320.83949096 -16.28085979] [99.47368421 27.75      ]
1577894338.6260307 [295.4513906  -17.32694254] [2.81713221e+02 7.95263770e-02] [78.13449855 13.7177879 ] [323.85826772 -32.15      ]
1577894934.5101016 [334.45699308  -8.4736756 ] [2.81580966e+02 4.07506153e-02] [118.22148611   8.54874713] [334.67680608 -28.85      ]
1577895184.5101016 [350.59462838  -3.23167395] [2.81548946e+02 1.70775692e-02] [ 1.44859411e+02 -6.64414210e-02] [355.35055351 -25.55      ]
1577895434.5101016 [5.33528572 1.84011593] [ 2.81538028e+02 -6.02714281e-03] [178.43550112 -12.82008413] [ 1.99261993 25.55      ]
1577895773.0846536 [26.4101246   8.73697575] [ 2.81555065e+02 -3.74285881e-02] [229.86389225 -25.40924707] [15.27675277 25.55      ]
1577896023.0846536 [42.98678962 13.25610417] [ 2.81593111e+02 -5.78087119e-02] [258.7313143  -26.61852843] [30.79847909 28.85      ]
1577896273.0846536 [58.77043986 16.45963285] [ 2.81645310e+02 -7.21328738e-02] [278.09110645 -25.18122856] [46.17100372 26.65      ]
1577896523.0846536 [76.34234787 18.55914095] [ 2.81715979e+02 -8.14978497e-02] [294.58865586 -22.65065609] [62.93233083 27.75      ]
1577896773.0846536 [92.80180869 19.03956528] [ 2.81790034e+02 -8.38009063e-02] [307.4280506  -19.89977368] [81.62790698 31.05      ]
1577897023.0846536 [110.57029788  17.92556132] [ 2.81873489e+02 -7.91564172e-02] [319.78771426 -16.65610611] [97.87072243 28.85      ]
1577899884.7230253 [296.49546485 -17.18285708] [2.81836341e+02 8.38382570e-02] [81.27252304 13.87410865] [327.45387454 -25.55      ]
1577900464.9852715 [334.17521865  -8.5594892 ] [2.81699736e+02 4.36086268e-02] [120.48696972   8.59069091] [332.76752768 -25.55      ]
1577900714.9852715 [349.08598816  -3.74283942] [2.81666949e+02 2.04840852e-02] [143.76165235   1.31440993] [359.33579336 -25.55      ]
1577901034.9852715 [8.74775177 3.0079686 ] [ 2.81652500e+02 -1.22269381e-02] [185.34992635 -14.09387466] [ 4.73684211 27.75      ]
1577901379.422149 [29.90676194  9.77437585] [ 2.81676656e+02 -4.49358951e-02] [232.58836311 -25.08936893] [20.23255814 31.05      ]
1577901629.422149 [46.59442895 14.09113111] [ 2.81721218e+02 -6.55689161e-02] [260.10273776 -26.29561303] [34.18604651 31.05      ]
1577901879.422149 [62.48477873 17.03671888] [ 2.81779757e+02 -7.95300059e-02] [279.28704528 -24.93880145] [50.53846154 29.95      ]
1577902129.422149 [80.13735604 18.79893251] [ 2.81857093e+02 -8.78873977e-02] [295.93508853 -22.39567804] [67.15384615 29.95      ]
1577902379.422149 [96.61076282 18.94303951] [ 2.81936642e+02 -8.87670565e-02] [308.97718093 -19.57120449] [84.58646617 27.75      ]
1577902629.422149 [114.32256862  17.47639296] [ 2.82024854e+02 -8.21684184e-02] [321.55070083 -16.2190019 ] [101.97718631  28.85      ]
1577905430.8190243 [296.18986067 -17.22561276] [2.81965166e+02 8.89850146e-02] [83.06238419 13.99820084] [322.98387097 -34.35      ]
1577906036.1942503 [335.14412167  -8.26340962] [2.81815210e+02 4.45943236e-02] [123.98999492   8.19114594] [333.90334572 -26.65      ]
1577906286.1942503 [351.26885836  -3.00231189] [2.81779058e+02 1.77737092e-02] [148.98205277   0.19253357] [  7.30627306 -25.55      ]
1577906606.1942503 [10.9304511   3.74839274] [ 2.81767321e+02 -1.69007709e-02] [188.76039703 -14.38679588] [ 7.3605948 26.65     ]
1577906946.765754 [32.15062225 10.4182588 ] [ 2.81796698e+02 -5.10089087e-02] [233.1972696  -24.69136484] [21.21673004 28.85      ]
1577907196.765754 [47.60256161 14.31397175] [ 2.81842047e+02 -7.07070233e-02] [258.2913111  -26.10204463] [34.12639405 26.65      ]
1577907446.765754 [64.86786848 17.36987928] [ 2.81910270e+02 -8.60023012e-02] [279.43675515 -24.84858218] [51.33079848 28.85      ]
1577907696.765754 [81.19459532 18.85200851] [ 2.81986810e+02 -9.34582328e-02] [295.18583639 -22.54000618] [68.34586466 27.75      ]
1577907946.765754 [99.03974828 18.8407611 ] [ 2.82077912e+02 -9.36127147e-02] [309.70555256 -19.43949943] [85.5513308 28.85     ]
1577908196.765754 [115.36250664  17.33894951] [ 2.82163917e+02 -8.64367133e-02] [321.59241154 -16.27082775] [104.7148289  28.85     ]
1577910976.9150233 [295.88061776 -17.26838767] [2.82094244e+02 9.41582532e-02] [84.62485758 14.09911013] [321.53225806 -34.35      ]
1577911592.1684728 [336.1082748   -7.96602289] [2.81930291e+02 4.53946607e-02] [127.09937698   7.79125672] [334.09594096 -25.55      ]
1577911842.1684728 [352.21599801  -2.67925587] [2.81893029e+02 1.68929130e-02] [ 1.51575405e+02 -1.21743958e-01] [  8.63468635 -25.55      ]
1577912162.1684728 [11.87950913  4.06833189] [ 2.81881970e+02 -1.97197397e-02] [189.35451736 -13.91493148] [11.29151292 25.55      ]
1577912499.781007 [31.85832927 10.33539655] [ 2.81911426e+02 -5.35576107e-02] [229.52712734 -23.80748039] [22.08178439 26.65      ]
1577912749.781007 [48.60936199 14.53184478] [ 2.81963098e+02 -7.59290519e-02] [256.84914482 -25.91396256] [34.5112782 27.75     ]
1577912999.781007 [64.5571818  17.32810244] [ 2.82029753e+02 -9.07002746e-02] [276.91050849 -25.04066321] [53.1496063 32.15     ]
1577913249.781007 [82.24904609 18.89897334] [ 2.82116854e+02 -9.90089403e-02] [294.59360457 -22.65215364] [69.06976744 31.05      ]
1577913499.781007 [98.72342552 18.85587399] [ 2.82205622e+02 -9.89954086e-02] [308.43839268 -19.78562027] [85.93984962 27.75      ]
1577913749.781007 [116.39755264  17.19660791] [ 2.82303254e+02 -9.05881912e-02] [321.70551732 -16.29740159] [103.53383459  27.75      ]
1577916463.011022 [292.86979036 -17.65900945] [2.82236867e+02 1.01194665e-01] [83.69909136 14.21454432] [319.09090909 -36.55      ]
1577917079.6770382 [332.05059641  -9.19857719] [2.82061796e+02 5.46514346e-02] [123.41921891   9.0950124 ] [330.57034221 -28.85      ]
1577917329.6770382 [348.2349839   -4.02980499] [2.82016042e+02 2.53709115e-02] [145.98214992   2.35707565] [348.70848708 -25.55      ]
1577917579.6770382 [2.98306044 1.0301103 ] [ 2.81996697e+02 -3.53107404e-03] [171.12283691  -6.84149794] [ 0.66914498 26.65      ]
1577917923.844959 [25.26045193  8.38738318] [ 2.82012040e+02 -4.54876268e-02] [214.47627134 -20.57315442] [14.21052632 27.75      ]
1577918173.844959 [40.51028481 12.6498432 ] [ 2.82051713e+02 -6.95403861e-02] [241.78609196 -24.97924964] [27.43494424 26.65      ]
1577918423.844959 [57.54819426 16.25451719] [ 2.82117823e+02 -8.96318362e-02] [266.39809943 -25.64095837] [43.11787072 28.85      ]
1577918673.844959 [73.72708907 18.34919859] [ 2.82196265e+02 -1.01246626e-01] [284.82411667 -24.12899408] [61.61538462 29.95      ]
1577918923.844959 [91.54114093 19.05431147] [ 2.82293444e+02 -1.05266534e-01] [301.47013346 -21.35730774] [77.33840304 28.85      ]
1577919173.844959 [107.96568585  18.19396235] [ 2.8238833e+02 -1.0079698e-01] [314.76509759 -18.2538277 ] [95.68773234 26.65      ]
1577922069.1090229 [296.59901516 -17.16826101] [2.82345851e+02 1.03520678e-01] [88.36429679 14.21897832] [326.07692308 -29.95      ]
1577922648.7163436 [334.27070102  -8.53043734] [2.82172413e+02 5.33584951e-02] [127.58897937   8.3306057 ] [332.2556391 -27.75     ]
1577922898.7163436 [349.17927009  -3.71132104] [2.82130041e+02 2.46336706e-02] [148.26570301   1.98136694] [  0.66420664 -25.55      ]
1577923218.7163436 [8.84027904 3.03947443] [ 2.82109842e+02 -1.59014747e-02] [181.51698372 -10.17571397] [11.37546468 26.65      ]
1577923562.1789205 [31.26640821 10.16665332] [ 2.82140250e+02 -5.84714697e-02] [223.46456354 -22.13539866] [21.46153846 29.95      ]
1577923812.1789205 [46.69131405 14.11274867] [ 2.82190564e+02 -8.17377703e-02] [249.05014186 -25.32623433] [34.90494297 28.85      ]
1577924062.1789205 [63.92807056 17.24198339] [ 2.82267689e+02 -9.99681066e-02] [272.21526291 -25.27966024] [50.93023256 31.05      ]
1577924312.1789205 [80.23800735 18.80424363] [ 2.82355048e+02 -1.09071711e-01] [289.83840371 -23.4253444 ] [67.6744186 31.05     ]
1577924562.1789205 [98.08240995 18.88485358] [ 2.82459761e+02 -1.09726780e-01] [305.99775787 -20.41586599] [85.15384615 29.95      ]
1577924812.1789205 [114.42068353  17.46366504] [ 2.82559115e+02 -1.01794691e-01] [319.05151229 -17.14829739] [102.37918216  26.65      ]
1577928535.621027 [355.04033044  -1.71098358] [2.82234627e+02 1.31313600e-02] [157.8596969   -1.06107774] [359.33085502  26.65      ]
1577928980.7811034 [23.41935982  7.81934761] [ 2.82237884e+02 -4.67616274e-02] [207.35025696 -18.08097684] [11.5037594 27.75     ]
1577929230.7811034 [38.61821973 12.16917196] [ 2.82277656e+02 -7.37898929e-02] [234.05287035 -23.65223635] [26.69201521 28.85      ]
1577929480.7811034 [55.59330547 15.91098722] [ 2.82346722e+02 -9.67347833e-02] [259.68111336 -25.54448856] [41.27819549 27.75      ]
1577929730.7811034 [71.72562614 18.16401974] [ 2.8243029e+02 -1.1044198e-01] [279.48156564 -24.6683802 ] [59.30232558 31.05      ]
1577929980.7811034 [89.52051214 19.06008938] [ 2.82535178e+02 -1.15968824e-01] [297.45388517 -22.17105193] [76.04651163 31.05      ]
1577930230.7811034 [105.96319593  18.37595851] [ 2.82638620e+02 -1.12085517e-01] [311.71027252 -19.10843906] [94.06015038 27.75      ]
1577930480.7811034 [123.47958938  16.07626784] [ 2.82748995e+02 -9.84064452e-02] [325.43266712 -15.36065635] [111.65413534  27.75      ]
1577934099.9100266 [355.977307    -1.38848032] [2.82348347e+02 1.15033748e-02] [159.62409857  -1.37276434] [ 2.03007519 27.75      ]
1577934556.0536878 [24.37389755  8.11508402] [ 2.82354402e+02 -5.09477648e-02] [207.62579154 -17.86568545] [14.37262357 28.85      ]
1577934806.0536878 [40.88723016 12.74381404] [ 2.82401743e+02 -8.09634833e-02] [235.81646705 -23.7111067 ] [27.7443609 27.75     ]
1577935056.0536878 [56.60634382 16.09137242] [ 2.82470541e+02 -1.02398099e-01] [259.197682  -25.4472222] [44.83271375 26.65      ]
1577935306.0536878 [74.12483449 18.38347145] [ 2.82566410e+02 -1.16940585e-01] [280.67340351 -24.52666901] [59.54372624 28.85      ]
1577935556.0536878 [90.56815629 19.05983943] [ 2.82668574e+02 -1.21337802e-01] [297.38157355 -22.19614349] [77.81954887 27.75      ]
1577935806.0536878 [108.36202912  18.1554257 ] [ 2.82785345e+02 -1.15885323e-01] [312.99843434 -18.82298592] [95.13307985 28.85      ]
1577938707.4020286 [296.98797089 -17.1129437 ] [2.82726577e+02 1.17994981e-01] [92.4159499  14.31493554] [326.46387833 -28.85      ]
1577939782.244024 [5.50613945 1.89882161] [ 2.82453348e+02 -1.07010360e-02] [174.61721633  -6.60757376] [ 6.09022556 27.75      ]
1577940168.3534987 [29.10225931  9.53926718] [ 2.82479857e+02 -6.29590199e-02] [214.46573299 -19.4081784 ] [17.11026616 28.85      ]
1577940418.3534987 [44.46243734 13.60467394] [ 2.82532431e+02 -9.03761339e-02] [239.69294473 -24.0501302 ] [31.44981413 26.65      ]
1577940668.3534987 [61.62858443 16.90991038] [ 2.82616044e+02 -1.12364496e-01] [264.1927373  -25.37910494] [47.76923077 29.95      ]
1577940918.3534987 [77.89483833 18.66653849] [ 2.82712633e+02 -1.23994642e-01] [283.47900117 -24.21532294] [65.76923077 29.95      ]
1577941168.3534987 [95.73361558 18.97218508] [ 2.82830068e+02 -1.26158725e-01] [301.24882062 -21.48150311] [81.87969925 27.75      ]
1577941418.3534987 [112.10716324  17.75047446] [ 2.82942779e+02 -1.18383562e-01] [315.48570039 -18.22160766] [100.82706767  27.75      ]
1577944253.4990234 [296.66646605 -17.158724  ] [2.82856418e+02 1.23243959e-01] [93.17204988 14.35151879] [325.81395349 -31.05      ]
1577944847.5901706 [335.58657164  -8.12727484] [2.82640360e+02 6.04021065e-02] [133.15781273   7.7351355 ] [334.96240602 -27.75      ]
1577945097.5901706 [350.47205562  -3.2733134 ] [2.82590324e+02 2.58057797e-02] [152.3425658    1.74582351] [356.67896679 -25.55      ]
1577945833.986023 [36.41978276 11.59227931] [ 2.82617485e+02 -8.01605044e-02] [225.26269704 -21.61424395] [32.16730038 28.85      ]
1577946208.8261907 [61.30745445 16.86138435] [ 2.82733995e+02 -1.16799248e-01] [262.24728969 -25.32318656] [47.2243346 28.85     ]
1577946458.8261907 [77.56722569 18.64494558] [ 2.82833928e+02 -1.29082063e-01] [281.905177   -24.36334659] [65.90551181 32.15      ]
1577946708.8261907 [95.40468918 18.98204795] [ 2.82955729e+02 -1.31534530e-01] [300.09334505 -21.71957948] [81.44486692 28.85      ]
1577946958.8261907 [111.78275252  17.78846183] [ 2.83072851e+02 -1.23620296e-01] [314.6579882  -18.46568531] [99.70260223 26.65      ]
1577949799.596028 [296.3435278  -17.20417379] [2.82986513e+02 1.28518610e-01] [93.84793803 14.3852092 ] [322.53061224 -35.45      ]
1577950398.3739939 [335.2856241  -8.2199345] [2.82760011e+02 6.34510317e-02] [133.53605477   7.80227502] [336.04562738 -28.85      ]
1577950648.3739939 [351.40717559  -2.95519435] [2.82703650e+02 2.43848792e-02] [153.99755646   1.38950278] [357.99256506 -26.65      ]
1577950898.3739939 [6.14545184 2.11830017] [ 2.82682121e+02 -1.34394282e-02] [175.23855638  -6.32516364] [11.29151292 25.55      ]
1577951582.1680312 [50.36879432 14.90123632] [ 2.82793740e+02 -1.07470472e-01] [245.48024914 -24.43272665] [40.51660517 25.55      ]
1577951902.1680312 [71.78527432 18.16984499] [ 2.82918618e+02 -1.30895555e-01] [274.03614059 -24.95569444] [57.46153846 29.95      ]
1577952152.1680312 [88.20681464 19.05204796] [ 2.83031424e+02 -1.37266943e-01] [292.15109614 -23.07642143] [75.96958175 28.85      ]
1577952402.1680312 [106.02247971  18.37087549] [ 2.83162006e+02 -1.32649367e-01] [309.08074162 -19.8466967 ] [92.70676692 27.75      ]
1577952652.1680312 [122.20655262  16.29627422] [ 2.83281863e+02 -1.18088798e-01] [322.84553415 -16.27369236] [111.7472119  26.65     ]
1577955345.693023 [297.36351372 -17.05879745] [2.83107340e+02 1.32405924e-01] [95.64401988 14.34859624] [325.27559055 -32.15      ]
1577955966.833825 [337.4856886   -7.53657234] [2.82868351e+02 6.05892700e-02] [136.80000597   7.05072041] [335.24163569 -26.65      ]
1577956216.833825 [352.34077834  -2.636625  ] [2.82817048e+02 2.27777996e-02] [155.57553873   1.03825368] [  9.96309963 -25.55      ]
1577956536.833825 [12.00393495  4.1101784 ] [ 2.82796410e+02 -2.94558395e-02] [183.92004672  -9.26701032] [10.2661597 28.85     ]
1577957270.8210218 [59.32500509 16.5502279 ] [ 2.82961355e+02 -1.23993664e-01] [256.79113423 -25.08798832] [51.73228346 32.15      ]
1577957590.8210218 [81.0138681  18.84336061] [ 2.83104809e+02 -1.41005700e-01] [283.52199842 -24.16704098] [67.58364312 26.65      ]
1577957840.8210218 [98.8582826  18.84949635] [ 2.83237517e+02 -1.41214957e-01] [301.81600432 -21.41219083] [85.81395349 31.05      ]
1577958090.8210218 [115.18338178  17.36302237] [ 2.83363289e+02 -1.30488305e-01] [316.54015545 -18.03349517] [105.34883721  31.05      ]
1577960891.789022 [297.03878222 -17.10566012] [2.83237560e+02 1.37693783e-01] [96.18697657 14.37689362] [324.86055777 -33.25      ]
1577961502.2830257 [337.1835964  -7.6312107] [2.82987627e+02 6.35324444e-02] [137.02770105   7.13253156] [336.31578947 -27.75      ]
1577961752.2830257 [352.04325549  -2.73824597] [2.82933395e+02 2.43586270e-02] [155.46368222   1.25796747] [358.00738007 -25.55      ]
1577962002.2830257 [8.01054405 2.75661219] [ 2.82910195e+02 -1.97885880e-02] [177.65991737  -6.80004372] [ 7.44360902 27.75      ]
1577962348.1923096 [29.14886211  9.552946  ] [ 2.82939506e+02 -7.40018208e-02] [210.11111516 -17.52872525] [18.8372093 31.05     ]
1577962985.5900247 [71.12841529 18.10466419] [ 2.83157773e+02 -1.40595066e-01] [270.88197995 -25.03558198] [63.07086614 32.15      ]
1577963305.5900247 [93.03761737 19.03585703] [ 2.83320404e+02 -1.47839458e-01] [295.34540852 -22.57985758] [79.61538462 29.95      ]
1577963555.5900247 [109.44547589  18.04585421] [ 2.83450600e+02 -1.40507135e-01] [310.98979398 -19.44021753] [99.   29.95]
1577966497.884025 [300.73283128 -16.54085189] [2.83338150e+02 1.38172334e-01] [100.28550117  14.13827172] [329.20152091 -28.85      ]
1577967079.6214535 [338.12934587  -7.33410426] [2.83101350e+02 6.33026453e-02] [138.66820075   6.79990102] [336.57992565 -26.65      ]
1577967329.6214535 [354.20391938  -1.99839795] [2.83043403e+02 1.89943763e-02] [158.53642881   0.34771896] [356.67896679  25.55      ]
1577967680.1386588 [16.34961952  5.55518461] [ 2.83028002e+02 -4.38027326e-02] [189.714682   -10.93957596] [ 7.61538462 29.95      ]
1577967930.1386588 [31.37113063 10.19659852] [ 2.83061344e+02 -8.20064316e-02] [212.71091804 -18.08358001] [21.62790698 31.05      ]
1577968180.1386588 [48.10552194 14.42339949] [ 2.83134010e+02 -1.16286262e-01] [238.25964651 -23.30104633] [35.58139535 31.05      ]
1577968430.1386588 [64.03836875 17.25722984] [ 2.83230307e+02 -1.38947812e-01] [260.67889607 -25.08012673] [52.35059761 33.25      ]
1577968680.1386588 [81.72002113 18.8761567 ] [ 2.83358042e+02 -1.51801185e-01] [282.36470568 -24.25258109] [67.75665399 28.85      ]
1577968930.1386588 [98.19383903 18.8799746 ] [ 2.83489295e+02 -1.51989272e-01] [299.76889331 -21.81742011] [86.53846154 29.95      ]
1577969180.1386588 [115.87705779  17.26887725] [ 2.83634764e+02 -1.39470158e-01] [316.24340601 -18.15597362] [104.53846154  29.95      ]
1577971983.9810297 [297.72967526 -17.00530837] [2.83488134e+02 1.46751510e-01] [98.30729464 14.34995826] [324.43548387 -34.35      ]
1577972592.9863548 [336.57664989  -7.82058945] [2.83226871e+02 6.95943437e-02] [137.37667783   7.29319764] [335.42435424 -25.55      ]
1577972842.9863548 [352.67581567  -2.52208601] [2.83162863e+02 2.40855251e-02] [156.78034839   1.1186177 ] [ 12.6199262 -25.55     ]
1577973162.9863548 [12.33993469  4.22306181] [ 2.83139254e+02 -3.39846935e-02] [183.49260086  -8.57113513] [23.42007435 26.65      ]
1577973506.496649 [33.60152461 10.82496198] [ 2.83184201e+02 -9.02277117e-02] [215.29361127 -18.62311211] [22.33082707 27.75      ]
1577973756.496649 [49.09674324 14.63562308] [ 2.83256697e+02 -1.22147555e-01] [238.6134922 -23.2588659] [36.27376426 28.85      ]
1577974006.496649 [66.40659391 17.56942093] [ 2.83366812e+02 -1.46357269e-01] [262.69621039 -25.06170723] [53.30769231 29.95      ]
1577974256.496649 [82.75764024 18.91949223] [ 2.83490507e+02 -1.57450904e-01] [282.63497776 -24.21036259] [69.92307692 29.95      ]
1577974506.496649 [100.60033241  18.75835049] [ 2.83637859e+02 -1.56292946e-01] [301.48898998 -21.501184  ] [87.29323308 27.75      ]
1577974756.496649 [116.89473493  17.12627439] [ 2.83776615e+02 -1.43160941e-01] [316.72125344 -18.05065226] [106.2406015  27.75     ]
1577977590.0780246 [301.41804124 -16.42848998] [2.83586714e+02 1.46780895e-01] [102.31549276  14.07699425] [330.23076923 -29.95      ]
1577978186.1962736 [340.01483773  -6.73477762] [2.83327747e+02 6.22577187e-02] [141.76824093   6.13876007] [336.75276753 -25.55      ]
1577978436.1962736 [354.83446662  -1.7817687 ] [2.83272690e+02 1.82253891e-02] [159.7281748    0.22815582] [359.33579336  25.55      ]
1577978786.3662477 [16.98558284  5.76363778] [ 2.83257306e+02 -4.88516457e-02] [189.87940018 -10.68089188] [ 8.8973384 28.85     ]
1577979036.3662477 [32.02160308 10.38172089] [ 2.83293651e+02 -8.94574815e-02] [212.11995215 -17.65903201] [22.58555133 28.85      ]
1577979286.3662477 [48.77727042 14.56772252] [ 2.83371962e+02 -1.25698719e-01] [237.11618918 -22.95702626] [35.30769231 29.95      ]
1577979536.3662477 [64.7290827  17.35127923] [ 2.8347525e+02 -1.4944734e-01] [259.44722072 -24.94909734] [53.78486056 33.25      ]
1577979786.3662477 [82.42328886 18.90615994] [ 2.83611880e+02 -1.62610379e-01] [281.38919881 -24.30728713] [69.56175299 33.25      ]
1577980036.3662477 [98.89681234 18.84765634] [ 2.83751937e+02 -1.62267152e-01] [299.15601741 -21.93589128] [87.92307692 29.95      ]
1577980286.3662477 [116.56695664  17.17278606] [ 2.83906850e+02 -1.48334979e-01] [316.0185359  -18.24916183] [104.88721805  27.75      ]
1577983136.1760252 [301.09235365 -16.48219103] [2.83716401e+02 1.52014674e-01] [102.66263171  14.10045879] [329.54887218 -27.75      ]
1577983729.6112154 [339.71097894  -6.83197204] [2.83446907e+02 6.51082727e-02] [141.82299715   6.23652718] [337.91821561 -26.65      ]
1577983979.6112154 [354.53451478  -1.88485489] [2.83388930e+02 1.96913777e-02] [159.52086293   0.4369932 ] [356.65427509  26.65      ]
1577984331.8083105 [16.68290466  5.66453248] [ 2.83371252e+02 -4.96090734e-02] [189.11485615 -10.27116269] [ 9.   29.95]
1577984581.8083105 [32.98114086 10.6520096 ] [ 2.83412097e+02 -9.48497410e-02] [212.84380882 -17.73486331] [21.96850394 32.15      ]
1577984831.8083105 [48.45739848 14.49926084] [ 2.83487239e+02 -1.29217718e-01] [235.69050391 -22.65361784] [36.69230769 29.95      ]
1577985081.8083105 [65.74789937 17.485504  ] [ 2.83602688e+02 -1.55477234e-01] [259.81373972 -24.91171714] [54.69230769 29.95      ]
1577985331.8083105 [82.08837291 18.89220249] [ 2.83733187e+02 -1.67769289e-01] [280.16371396 -24.39050347] [69.12547529 28.85      ]
1577985581.8083105 [99.93203437 18.79523916] [ 2.83889372e+02 -1.67063798e-01] [299.58972451 -21.85972049] [87.20930233 31.05      ]
